version https://git-lfs.github.com/spec/v1
oid sha256:896dabe03ac1c8258f78c8e28d2e820be039df9062dd71ff16021a0e4d39428e
size 5760621
